 Evaluation on Test Set
✅ Accuracy : 0.8552
✅ Precision: 0.6359
✅ Recall   : 0.5780
✅ F1-score : 0.6019

🧩 Confusion Matrix:
[[5247  114  187]
 [ 224  139   81]
 [ 305   56  327]]

📑 Classification Report:
              precision    recall  f1-score   support


           0     0.9084    0.9457    0.9267      5548
           1     0.4498    0.3131    0.3692       444
           2     0.5496    0.4753    0.5097       688

    accuracy                         0.8552      6680
   macro avg     0.6359    0.5780    0.6019      6680
weighted avg     0.8410    0.8552    0.8467      6680

           0     0.9084    0.9457    0.9267      5548
           1     0.4498    0.3131    0.3692       444
           2     0.5496    0.4753    0.5097       688

    accuracy                         0.8552      6680
   macro avg     0.6359    0.5780    0.6019      6680

           0     0.9084    0.9457    0.9267      5548
           1     0.4498    0.3131    0.3692       444
           2     0.5496    0.4753    0.5097       688


           0     0.9084    0.9457    0.9267      5548
           1     0.4498    0.3131    0.3692       444

           0     0.9084    0.9457    0.9267      5548
           1     0.4498    0.3131    0.3692       444
           2     0.5496    0.4753    0.5097       688

    accuracy                         0.8552      6680
   macro avg     0.6359    0.5780    0.6019      6680
weighted avg     0.8410    0.8552    0.8467      6680

    accuracy                         0.8552      6680
   macro avg     0.6359    0.5780    0.6019      6680

    accuracy                         0.8552      6680



    accuracy                         0.8552      6680
   macro avg     0.6359    0.5780    0.6019      6680
weighted avg     0.8410    0.8552    0.8467      6680